100 Thieves	S11	NA	20	65.0%	1.12	1836	120	34:21	14.7	12.8	6.9	4.6	60.0	75.0	2.85	60.2	1.30	65.0	1.40	0.7	962	0.85	65.0	32.8	1830	3.5	1.41	1.48
100 Thieves Academy	S11	NA	9	66.7%	1.28	1835	90	36:26	19.0	14.8	6.9	5.0	44.4	22.2	3.56	65.6	0.56	27.8	1.33	0.1	195	1.11	66.7	32.1	2321	3.3	1.41	1.56
1907 Fenerbahce	S11	TR	10	40.0%	0.83	1699	-98	31:00	11.2	13.5	4.6	6.7	70.0	20.0	2.40	52.8	1.10	55.0	1.20	-0.2	-990	0.60	40.0	31.2	1628	2.9	1.21	1.35
4Elements Esports	S11	BE	7	28.6%	0.92	1697	-86	28:32	11.1	12.1	3.4	6.7	71.4	-	2.57	59.8	0.71	35.7	1.29	-1.4	-986	0.29	33.3	32.8	1571	2.8	1.19	0.96
5 Ronin	S11	TR	10	40.0%	0.89	1711	-91	34:02	12.5	14.0	5.2	7.2	50.0	50.0	1.90	36.7	0.80	40.0	0.60	-0.3	-130	0.60	35.0	31.9	1697	3.5	1.30	1.41
7more7 Pompa Team	S11	PL	10	80.0%	1.94	1781	163	33:56	13.0	6.7	7.1	3.2	50.0	80.0	3.40	70.4	1.10	55.0	1.30	0.6	1456	0.80	72.2	33.1	1641	3.1	1.28	1.25
Ad Hoc Gaming	S11	DE	13	23.1%	0.66	1702	-198	30:29	10.9	16.6	4.5	8.1	38.5	46.2	1.46	30.4	1.15	57.7	0.62	-0.3	-481	0.38	26.9	31.7	1721	3.1	1.37	1.04
Afreeca Challengers	S11	KR	10	20.0%	0.56	1619	-295	30:58	8.7	15.6	3.2	7.5	20.0	20.0	1.80	35.7	0.60	30.0	1.00	-0.7	-2014	0.20	15.0	31.0	1771	3.5	1.42	1.51
Afreeca Freecs	S11	KR	24	41.7%	0.89	1744	-83	34:09	11.7	13.1	5.7	6.5	79.2	50.0	2.46	50.9	1.17	62.5	1.08	0.2	-49	0.58	39.1	33.0	1746	3.7	1.55	1.91
AGO ROGUE	S11	PL	10	90.0%	2.13	1958	399	29:18	16.2	7.5	8.3	2.5	70.0	70.0	2.40	61.0	1.50	75.0	0.90	0.9	3998	0.80	81.3	34.1	2049	3.1	1.07	1.13
All Knights	S11	LAT	8	75.0%	1.72	1834	160	34:17	15.3	8.9	6.9	4.6	50.0	37.5	2.63	57.0	0.75	37.5	0.88	-0.6	-212	1.25	66.7	32.0	2088	2.9	1.18	1.39
Alpha Esports	S11	PCS	3	0.0%	0.25	1492	-519	26:24	4.7	18.7	1.0	8.7	-	-	1.67	44.4	0.00	0.0	0.67	-1.7	-5104	0.00	0.0	30.2	1363	2.9	1.11	0.96
Anorthosis Famagusta Esports	S11	GR	12	58.3%	1.04	1812	84	30:09	16.2	15.5	7.2	4.7	58.3	58.3	2.08	47.1	0.75	37.5	1.00	0.8	654	0.67	50.0	30.6	2103	2.7	1.09	1.28
Astralis	S11	EUW	11	27.3%	0.65	1677	-169	34:08	11.0	16.8	4.1	7.6	36.4	54.5	2.00	41.3	0.73	36.4	0.82	-0.2	-1485	0.55	40.9	31.2	1773	3.2	1.31	1.24
Asus ROG Elite	S11	RS	8	25.0%	0.64	1654	-218	29:23	10.9	16.9	3.1	7.0	62.5	12.5	1.13	23.1	0.38	25.0	0.50	-0.8	-1774	0.38	37.5	31.2	1606	2.2	0.76	0.99
AXIZ	S11	JP	8	37.5%	0.88	1708	-99	36:32	15.5	17.6	6.1	6.4	25.0	50.0	2.50	43.3	0.88	43.8	0.88	-0.4	-1092	0.63	50.0	30.8	2003	3.6	1.48	1.78
Axolotl	S11	IT	12	41.7%	0.69	1677	-125	32:00	12.0	17.3	5.0	6.5	58.3	41.7	1.92	39.3	1.08	54.2	0.67	-0.6	-1655	0.75	47.7	29.5	1881	2.8	0.89	1.18
Barrage Esports	S11	EUW	10	70.0%	1.23	1831	186	34:18	15.7	12.8	8.6	3.4	60.0	70.0	2.70	56.0	1.20	60.0	1.20	0.7	1287	1.20	66.7	31.5	2115	3.3	1.23	1.31
BCN Squad	S11	ES	12	41.7%	0.82	1724	-81	32:17	12.4	15.1	5.3	6.8	66.7	41.7	2.92	62.3	0.75	37.5	1.50	-0.4	-912	0.67	47.2	31.2	1798	2.8	1.19	1.33
Berjaya Dragons	S11	PCS	4	50.0%	1.15	1771	39	32:44	13.8	12.0	5.0	5.5	50.0	25.0	2.25	48.8	1.50	75.0	0.75	-0.8	244	1.00	62.5	31.9	1658	3.6	1.68	1.32
Berlin International Gaming	S11	DE	13	76.9%	1.66	1881	233	30:15	19.4	11.7	8.0	4.1	69.2	61.5	2.85	69.5	1.15	65.4	1.46	0.6	605	0.85	65.3	30.9	2240	3.1	1.39	1.14
Besiktas Esports	S11	TR	10	60.0%	1.19	1780	77	32:40	13.3	11.2	5.9	4.8	60.0	60.0	2.80	56.0	1.30	70.0	1.00	0.1	220	0.70	61.1	32.9	1788	3.1	1.16	1.40
Beyond Gaming	S11	PCS	3	66.7%	1.04	1752	64	32:59	8.7	8.3	7.0	5.3	66.7	100.0	2.00	44.4	1.67	83.3	0.67	1.0	1826	1.33	100.0	33.4	1405	3.3	1.33	1.62
Bilibili Gaming	S11	CN	21	52.4%	0.98	1812	24	33:17	13.1	13.4	6.5	6.0	42.9	42.9	2.52	52.2	0.71	37.5	0.67	0.0	21	0.81	55.6	33.5	1976	3.2	1.27	1.64
Boavista FC	S11	PT	8	62.5%	1.58	1831	180	32:38	18.4	11.6	7.0	5.0	62.5	37.5	2.63	58.1	0.63	31.3	1.38	0.5	365	1.13	81.3	31.1	1932	3.4	1.12	1.28
BOOM Esports	S11	PCS	3	66.7%	0.98	1743	-10	34:42	14.0	14.3	7.0	5.3	33.3	100.0	2.33	56.0	1.33	66.7	0.67	1.0	384	1.00	55.6	31.6	1974	2.9	1.17	1.34
BRO Challengers	S11	KR	10	50.0%	1.26	1782	-2	30:49	17.0	13.5	6.2	6.0	70.0	50.0	2.80	58.7	0.70	35.0	0.80	-0.1	-1063	0.80	63.3	29.8	2129	3.4	1.21	1.40
BRUTE	S11	CZ	11	18.2%	0.72	1694	-177	32:12	13.4	18.4	4.5	8.1	45.5	36.4	2.00	38.8	0.55	27.3	0.73	-0.1	-653	0.55	38.6	30.1	1904	2.9	1.20	0.96
BT Excel	S11	EUW	10	90.0%	2.12	1985	380	29:19	17.8	8.4	9.1	1.9	90.0	100.0	2.80	73.7	1.60	85.0	1.10	1.8	3704	0.90	80.0	33.9	2091	2.8	1.22	1.21
Burning Core	S11	JP	8	25.0%	0.74	1648	-195	31:13	8.3	13.0	3.6	8.0	37.5	12.5	1.88	37.2	0.50	28.6	1.00	-1.9	-1667	0.25	33.3	32.8	1561	3.3	1.15	1.52
Burst The Sky Esports	S11	VN	15	40.0%	1.03	1789	-43	31:47	15.4	14.9	4.9	6.6	66.7	40.0	2.13	48.3	0.80	43.3	1.00	-0.5	-446	0.47	33.3	32.9	2168	3.5	1.35	1.70
Cerberus Esports	S11	VN	14	64.3%	1.15	1823	44	32:37	16.7	14.5	6.4	5.0	64.3	64.3	2.43	53.5	0.93	46.4	1.14	0.1	1020	0.86	52.4	32.2	2175	3.4	1.58	1.50
CLG	S11	NA	13	15.4%	0.64	1684	-224	35:43	11.4	17.8	4.7	8.4	69.2	46.2	2.00	35.3	0.77	42.3	0.69	0.0	-720	0.62	28.2	32.2	1727	3.1	1.17	1.27
CLG Academy	S11	NA	9	33.3%	0.87	1728	-92	34:55	11.4	13.2	4.6	8.0	55.6	55.6	2.44	49.3	1.33	72.2	1.11	0.0	198	0.56	38.9	33.1	1776	3.1	1.12	1.33
Cloud9	S11	NA	26	65.4%	1.38	1865	140	31:13	15.6	11.2	6.9	4.9	53.8	46.2	2.35	53.4	0.88	44.2	0.92	0.0	449	0.85	56.4	33.3	1902	3.2	1.25	1.45
Cloud9 Academy	S11	NA	9	77.8%	1.54	1880	197	30:48	13.9	9.0	7.4	4.3	44.4	33.3	2.33	50.9	0.44	22.2	0.56	-0.3	-30	0.89	72.2	34.4	1748	3.1	1.03	1.38
CowBoySquad Imperials Esports	S11	GR	12	16.7%	0.71	1670	-230	31:32	15.0	21.1	4.0	8.6	41.7	8.3	1.75	33.9	0.33	16.7	0.50	-1.5	-2654	0.67	40.9	27.9	2072	2.8	0.95	0.90
CR4ZY	S11	RS	8	75.0%	1.17	1856	164	29:42	15.6	13.4	7.6	3.1	25.0	75.0	2.38	51.0	1.50	75.0	1.13	1.0	396	1.13	81.0	31.6	1894	2.6	1.01	1.28
Cream Real Betis	S11	ES	12	66.7%	1.36	1779	69	34:47	13.6	9.9	6.8	5.6	33.3	50.0	2.83	50.6	0.50	25.0	0.33	-0.6	-451	1.00	58.3	33.0	1851	3.4	1.22	1.41
Crest Gaming Act	S11	JP	8	37.5%	0.75	1718	-82	33:31	13.3	17.6	5.1	6.9	62.5	37.5	2.63	50.1	0.63	31.3	1.00	0.8	-404	0.50	37.5	31.8	1928	3.7	1.25	1.60
CrowCrowd	S11	CIS	4	75.0%	1.44	1838	167	34:47	16.3	11.3	8.0	3.8	25.0	75.0	2.75	56.3	1.75	87.5	0.75	1.0	1230	0.75	62.5	32.2	1776	3.3	1.22	1.60
Cruzeiro Academy	S11	BR	10	20.0%	0.70	1645	-153	32:40	10.9	15.5	4.0	7.4	40.0	30.0	1.60	34.5	0.30	15.0	0.50	-0.6	-1408	0.30	27.8	30.4	1713	3.3	1.51	1.30
Cruzeiro eSports	S11	BR	12	25.0%	0.62	1644	-234	30:41	9.8	15.6	3.4	8.3	41.7	25.0	2.00	43.8	0.67	33.3	0.75	-0.7	-697	0.42	25.0	31.3	1495	2.9	1.15	1.08
Crvena zvezda Esports	S11	RS	8	0.0%	0.31	1530	-421	29:41	5.9	18.9	1.4	9.0	12.5	12.5	1.13	24.8	0.38	25.0	0.88	-1.3	-2876	0.00	0.0	31.0	1452	3.0	0.99	1.00
CTRL PLAY	S11	CIS	4	0.0%	0.49	1592	-288	30:30	7.8	15.8	2.0	9.3	25.0	25.0	1.50	31.3	0.50	25.0	0.50	-1.0	-1568	0.25	25.0	30.6	1513	3.2	1.34	0.85
Cyberground Gaming	S11	IT	12	58.3%	1.26	1739	19	32:54	14.2	11.3	5.8	6.1	58.3	75.0	2.58	49.5	1.25	68.2	1.27	0.5	568	0.58	48.1	30.0	1847	2.9	1.14	1.29
Dark Passage	S11	TR	10	60.0%	1.32	1804	99	30:51	12.8	9.7	6.5	4.3	50.0	40.0	2.30	49.5	1.00	50.0	1.00	-0.1	450	0.70	66.7	33.0	1686	3.0	1.12	1.15
Dark Tigers	S11	CZ	11	45.5%	0.85	1779	-14	30:15	13.9	16.5	5.5	6.0	54.5	72.7	2.64	56.7	1.18	63.6	1.00	0.2	-30	0.55	50.0	31.2	1943	2.7	0.91	1.01
Dark Tigers academy	S11	CZ	9	88.9%	1.98	1927	355	27:35	17.8	9.0	7.9	2.4	66.7	66.7	3.00	71.1	1.33	72.2	1.11	1.4	2412	0.89	77.8	31.6	1985	2.4	0.91	0.95
Detonation FocusMe	S11	JP	8	87.5%	1.65	1863	241	31:43	17.5	10.3	6.9	3.5	37.5	50.0	2.38	51.0	1.63	81.3	0.50	0.6	1366	0.50	50.0	32.3	2087	3.2	1.26	1.81
devils.one	S11	PL	10	40.0%	0.93	1709	-67	31:14	11.9	12.8	4.2	6.5	60.0	40.0	2.30	52.5	1.00	55.0	1.00	0.1	780	0.30	33.3	31.8	1870	3.0	1.26	1.08
Dignitas	S11	NA	13	53.8%	1.08	1796	5	30:05	13.5	12.4	6.2	5.7	38.5	38.5	2.00	47.2	1.00	53.8	0.69	-0.2	-550	0.92	61.5	31.4	1742	2.9	1.37	1.35
Dignitas Academy	S11	NA	9	55.6%	1.47	1779	89	33:12	12.6	8.6	6.1	5.3	44.4	44.4	2.44	49.6	0.89	50.0	1.11	-0.1	-373	1.00	77.8	32.7	1742	2.9	1.13	1.33
DK Challengers	S11	KR	10	40.0%	0.66	1707	-120	29:36	8.3	12.6	4.2	6.3	30.0	40.0	0.90	19.0	0.90	45.0	0.30	-0.2	-1006	0.30	30.0	34.1	1472	3.6	1.42	1.36
Dragon Army	S11	CIS	4	25.0%	0.55	1637	-194	34:19	9.0	16.5	3.3	8.0	75.0	50.0	2.50	45.8	0.50	25.0	1.25	-1.5	-14	0.25	12.5	31.6	1554	3.2	1.19	1.35
DRX	S11	KR	28	53.6%	0.93	1771	-16	33:32	10.9	11.8	6.5	5.9	42.9	39.3	2.07	38.9	0.68	33.9	0.43	-0.2	-706	0.82	58.9	34.1	1856	3.8	1.34	1.83
DRX Challengers	S11	KR	10	50.0%	1.06	1860	81	33:26	14.5	13.7	5.4	6.0	60.0	30.0	2.30	49.6	1.10	55.0	0.60	-0.2	678	0.80	57.4	34.7	1673	3.4	1.18	1.89
Dusty	S11	EUW	10	30.0%	0.79	1670	-183	34:25	15.0	19.0	3.8	7.8	50.0	20.0	2.10	38.8	0.90	45.0	1.10	-1.3	-1964	0.50	40.0	29.1	1991	3.1	1.04	1.06
DWG KIA	S11	KR	24	75.0%	1.24	1905	193	34:33	14.6	11.8	8.3	4.4	29.2	62.5	3.13	65.1	1.29	66.7	0.79	0.3	1193	1.33	79.9	34.7	2156	3.9	1.55	1.95
Dynamo Esports	S11	CZ	9	44.4%	0.79	1731	-72	30:52	12.2	15.4	4.8	5.7	44.4	44.4	2.11	47.0	0.78	44.4	0.67	-0.1	-411	0.78	44.4	32.2	1682	2.9	1.05	1.12
Dynasty	S11	NL	8	75.0%	1.28	1792	120	34:37	15.6	12.3	8.6	5.3	25.0	75.0	3.13	59.8	0.88	43.8	1.25	0.3	-808	0.88	68.8	30.0	2188	3.1	1.08	1.01
E WIE EINFACH E-SPORTS	S11	DE	13	30.8%	0.69	1624	-228	30:44	10.0	14.5	3.9	7.8	46.2	23.1	1.62	34.7	0.69	38.5	0.92	-0.8	-2022	0.38	25.0	30.1	1663	2.7	1.03	1.22
ECLOT	S11	CZ	11	36.4%	0.73	1667	-166	33:52	13.1	17.9	4.5	7.4	18.2	18.2	2.09	37.6	0.82	40.9	0.73	-0.5	-2387	0.64	36.1	30.4	1935	3.0	1.25	1.28
ECLOT Academy	S11	CZ	9	55.6%	1.10	1753	-5	32:02	13.1	11.9	5.6	5.1	55.6	44.4	2.44	46.7	1.00	50.0	1.11	0.1	-120	0.89	44.4	31.5	1574	2.7	1.02	1.19
Edward Gaming	S11	CN	16	87.5%	1.56	1887	204	33:09	14.9	9.6	7.6	3.6	56.3	68.8	3.19	64.6	0.88	43.8	0.88	0.0	611	0.81	65.6	35.0	1953	3.2	1.25	1.76
EFIVE Esports	S11	PT	8	12.5%	0.48	1556	-356	29:02	7.4	15.5	2.0	8.9	50.0	12.5	1.25	28.8	0.25	12.5	0.88	-1.0	-1917	0.25	18.8	30.4	1249	2.9	1.18	1.06
EGN Esports	S11	PT	8	62.5%	0.94	1785	54	33:07	12.3	13.0	7.4	5.4	75.0	87.5	2.63	52.7	1.50	75.0	1.13	1.0	1375	0.75	47.9	32.2	1776	3.0	1.17	1.08
eMonkeyz	S11	ES	12	33.3%	0.79	1639	-213	30:50	9.3	11.7	3.7	7.6	41.7	16.7	1.58	32.6	0.75	37.5	0.75	-0.9	-1741	0.33	27.3	31.5	1563	2.9	1.27	1.15
eStar	S11	CN	20	35.0%	0.93	1752	-126	30:09	12.6	13.5	4.6	6.7	60.0	25.0	2.00	46.8	0.85	44.7	0.65	-0.4	-837	0.25	27.8	33.0	1772	3.4	1.46	1.55
Estral Esports	S11	LAT	8	50.0%	1.05	1738	34	31:29	10.4	9.9	6.3	5.1	25.0	75.0	2.50	58.3	1.13	56.3	1.00	0.3	561	0.75	62.5	32.6	1719	3.2	1.33	1.50
eSuba	S11	CZ	11	72.7%	1.19	1861	124	31:07	18.0	15.0	8.4	3.9	72.7	72.7	2.82	60.6	1.18	59.1	1.18	0.5	896	1.09	63.6	31.0	2065	3.0	1.13	1.18
EURONICS Gaming	S11	DE	13	23.1%	0.77	1651	-188	31:02	11.2	14.6	3.6	7.8	53.8	23.1	1.62	35.2	0.77	38.5	1.00	-0.7	-1603	0.38	33.3	30.3	1606	2.9	1.40	1.08
Evil Geniuses	S11	NA	18	55.6%	1.13	1787	24	32:53	14.9	13.1	6.4	5.6	55.6	50.0	3.17	68.7	1.00	50.0	1.17	0.0	540	0.61	48.1	32.0	1942	3.3	1.21	1.41
Evil Geniuses Academy	S11	NA	9	22.2%	0.62	1662	-213	31:31	9.9	16.0	4.0	7.7	44.4	55.6	2.00	43.5	1.11	55.6	0.44	-0.1	-880	0.33	27.8	31.9	1739	3.3	1.23	1.23
Excel Esports	S11	EUW	11	45.5%	0.72	1684	-153	34:03	10.7	15.0	5.1	7.5	18.2	-	2.18	42.5	0.73	36.4	0.91	-0.9	-1763	0.64	35.0	31.5	1741	3.2	1.25	1.22
FC Schalke 04	S11	EUW	11	45.5%	0.82	1761	-54	34:43	10.5	12.8	6.6	6.3	54.5	45.5	2.00	36.4	1.00	50.0	0.64	0.4	35	0.64	36.4	33.6	1704	3.6	1.39	1.39
FC Schalke 04 Evolution	S11	DE	13	53.8%	1.11	1855	138	31:05	15.8	13.9	7.0	4.8	53.8	69.2	2.23	51.7	1.46	73.1	1.08	0.8	1625	0.69	50.0	32.7	1976	3.3	1.40	1.28
Flamengo Academy	S11	BR	10	80.0%	1.47	1862	205	33:10	17.3	11.8	8.0	3.5	40.0	90.0	3.10	63.2	1.00	50.0	1.00	0.6	956	0.90	75.0	32.5	1950	3.3	1.49	1.39
Flamengo eSports	S11	BR	12	91.7%	1.90	1895	293	31:53	16.5	8.7	9.4	2.9	50.0	75.0	2.75	62.9	1.17	58.3	0.92	0.7	1874	1.17	87.5	32.7	1993	3.5	1.56	1.48
FlyQuest	S11	NA	15	33.3%	0.78	1699	-151	31:28	11.1	14.3	3.9	7.8	53.3	33.3	1.87	41.1	0.53	26.7	0.87	-0.5	-1037	0.27	30.8	32.5	1782	3.0	1.19	1.30
FlyQuest Academy	S11	NA	9	55.6%	1.23	1774	22	33:48	13.4	10.9	6.1	5.4	44.4	55.6	2.67	56.7	1.22	61.1	1.11	-0.2	301	0.44	38.9	33.5	1851	3.2	1.23	1.38
Fnatic	S11	EUW	11	54.5%	1.10	1868	51	30:25	18.5	16.7	6.5	5.5	45.5	63.6	2.73	62.6	0.73	45.5	1.45	0.3	792	0.82	57.6	32.1	2082	3.2	1.33	1.18
Fnatic Rising	S11	EUW	10	80.0%	1.69	1866	258	30:47	15.7	9.3	9.0	2.6	40.0	90.0	2.90	69.8	1.80	90.0	1.40	1.1	2398	1.10	81.7	32.2	2035	3.2	1.34	1.33
For The Win Esports	S11	PT	8	37.5%	0.90	1750	11	31:59	13.0	14.5	5.5	5.9	25.0	50.0	2.50	52.7	1.13	56.3	0.88	0.4	1319	0.88	54.2	30.5	1784	2.9	1.18	1.18
Fredit BRION	S11	KR	22	31.8%	0.72	1682	-189	33:46	9.2	12.7	4.0	7.8	50.0	13.6	2.27	45.3	0.50	25.0	0.95	-0.9	-1450	0.50	30.3	33.5	1643	4.1	1.59	1.94
Funplus Phoenix	S11	CN	19	78.9%	1.50	1978	249	29:44	16.5	10.9	7.6	3.3	63.2	63.2	2.32	56.6	1.21	60.5	0.68	0.3	1472	1.00	76.3	35.0	2203	3.3	1.35	1.50
FURIA Academy	S11	BR	10	60.0%	1.16	1801	107	33:53	15.3	13.2	6.6	5.6	40.0	60.0	3.00	59.2	0.80	40.0	0.90	0.3	709	1.00	70.0	31.7	2142	3.2	1.32	1.46
FURIA Esports	S11	BR	12	16.7%	0.51	1655	-234	31:34	8.8	17.3	4.0	8.2	33.3	25.0	1.58	32.9	0.92	45.8	0.75	-0.3	-1587	0.58	39.4	32.0	1701	3.2	1.28	1.30
Furious Gaming	S11	LAT	8	62.5%	1.36	1800	118	36:15	17.6	13.0	7.9	5.3	75.0	50.0	3.25	59.9	1.25	62.5	0.63	0.0	-132	0.75	58.3	31.9	2030	3.9	1.52	1.55
G2 Arctic	S11	ES	12	66.7%	1.02	1850	141	34:14	13.3	13.1	7.8	4.9	41.7	75.0	2.67	56.1	1.25	62.5	1.17	0.7	301	1.17	65.3	33.7	1888	3.6	1.61	1.43
G2 Esports	S11	EUW	11	81.8%	1.46	1916	213	35:32	19.3	13.2	8.5	3.9	36.4	54.5	3.91	75.4	1.09	54.5	0.91	0.3	896	1.09	65.9	33.5	2355	3.4	1.21	1.44
Galakticos	S11	TR	10	20.0%	0.50	1573	-286	30:55	7.7	15.5	3.2	8.2	40.0	30.0	1.70	33.8	0.80	40.0	0.80	-0.6	-1886	0.20	15.0	30.2	1274	2.9	1.43	1.02
Galatasaray Esports	S11	TR	10	60.0%	1.42	1814	173	33:45	13.6	9.6	7.1	4.4	60.0	80.0	2.30	45.6	1.30	65.0	0.90	0.5	1835	0.80	66.7	33.0	1675	3.1	1.30	1.50
GAM Esports	S11	VN	8	100.0%	2.92	2049	477	27:00	21.9	7.4	8.5	1.5	87.5	62.5	2.75	71.9	1.25	62.5	0.88	0.9	3548	0.63	83.3	34.8	2172	3.3	1.14	1.41
Gambit Esports	S11	CIS	4	75.0%	1.35	1886	241	29:20	12.5	9.3	8.0	3.0	25.0	75.0	2.25	57.5	1.25	62.5	0.75	1.0	1830	0.75	62.5	34.5	1871	2.9	1.07	1.33
GamerLegion	S11	DE	13	61.5%	1.02	1756	-7	31:14	13.6	13.4	5.9	5.3	30.8	53.8	2.54	53.1	0.85	42.3	0.85	-0.2	-639	0.69	58.3	32.2	1973	3.0	1.08	1.19
Gamers Origin	S11	FR	11	54.5%	1.16	1809	99	34:43	15.2	13.0	6.5	5.0	45.5	54.5	2.64	53.6	1.36	68.2	1.27	0.5	1193	0.73	63.6	32.9	2005	3.0	1.24	1.57
Gamespace Mediterranean College Esports	S11	GR	12	75.0%	1.28	1798	84	31:36	16.6	12.9	6.8	5.6	41.7	41.7	2.92	59.7	1.42	70.8	1.25	-0.5	-575	0.67	50.0	30.8	2079	3.3	1.35	1.28
GameWard	S11	FR	11	63.6%	1.35	1825	141	31:55	16.1	11.7	7.0	5.3	45.5	54.5	3.09	67.3	1.36	68.2	1.36	0.7	475	1.09	72.7	31.1	2116	3.2	1.35	1.27
Gaming Team Krava?e	S11	CZ	9	66.7%	1.32	1834	122	31:29	17.4	13.1	6.7	4.6	66.7	55.6	2.67	56.5	0.78	38.9	1.33	0.0	570	0.89	61.1	31.5	1958	3.0	1.06	1.17
Gen.G Challengers	S11	KR	10	70.0%	1.04	1817	43	34:40	16.1	15.5	6.3	5.0	80.0	70.0	2.70	55.6	1.20	60.0	1.50	0.3	1535	0.40	27.1	33.0	1933	4.0	1.64	1.75
Gen.G eSports	S11	KR	24	70.8%	1.43	1889	186	31:52	13.9	9.6	7.4	4.3	79.2	75.0	2.29	54.9	1.13	62.5	0.83	0.3	1060	0.83	70.1	35.5	1825	4.1	1.51	1.96
Gentlemens Gaming	S11	PL	10	20.0%	0.63	1584	-238	34:17	10.3	16.4	3.5	8.4	30.0	30.0	1.70	30.0	0.30	15.0	0.50	-0.9	-2136	0.30	25.9	29.1	1564	2.7	0.98	1.13
GG&Esports	S11	IT	12	41.7%	1.05	1807	51	25:47	13.0	12.4	4.8	4.3	33.3	50.0	2.08	55.7	0.92	60.0	1.00	0.6	1157	0.42	50.0	31.9	1933	3.2	1.08	1.29
GMedia Luxury	S11	VN	13	38.5%	0.64	1754	-147	29:20	11.7	18.1	4.3	6.6	38.5	38.5	2.08	45.6	0.62	30.8	1.00	-0.7	-1825	0.46	36.4	33.1	2009	3.3	1.32	1.31
Godsent	S11	EUW	10	40.0%	0.84	1718	-118	29:57	11.0	13.1	4.0	6.8	30.0	30.0	2.20	47.7	0.60	30.0	1.10	-0.8	-1360	0.90	55.0	31.9	1624	3.3	1.17	1.17
Golden Guardians	S11	NA	15	20.0%	0.46	1638	-242	33:19	7.5	16.1	3.6	7.8	33.3	40.0	2.13	38.7	0.80	40.0	0.67	-0.3	-552	0.53	22.6	32.4	1724	3.5	1.35	1.41
Golden Guardians Academy	S11	NA	9	22.2%	0.60	1683	-231	31:00	10.3	17.1	4.2	7.9	66.7	22.2	1.78	35.4	0.22	16.7	1.00	-1.0	-2054	0.22	16.7	31.6	1862	3.2	1.23	1.16
Goskilla	S11	LT	8	100.0%	2.70	2083	538	27:17	26.0	9.6	9.3	1.3	62.5	75.0	3.00	85.0	1.13	68.8	1.63	1.5	5127	1.00	100.0	31.8	2545	2.7	0.93	1.20
Granit Gaming	S11	EUW	10	40.0%	0.77	1662	-197	33:38	12.6	16.4	4.0	7.3	40.0	50.0	1.90	36.0	0.60	30.0	0.70	-0.5	-1841	0.30	15.0	30.6	1863	2.9	0.92	1.36
GTZ Bulls	S11	PT	8	62.5%	1.50	1857	192	32:32	18.4	12.3	8.0	4.9	62.5	50.0	3.00	64.2	1.38	68.8	1.13	-0.1	-154	1.00	64.6	30.2	2057	2.8	1.16	1.34
Hanwha Life eSports	S11	KR	27	51.9%	1.16	1836	52	31:47	14.8	12.7	6.1	5.7	40.7	59.3	2.33	54.0	0.93	48.1	0.85	0.1	444	0.67	48.7	34.0	2058	3.7	1.50	1.97
Hive Athens EC	S11	GR	12	25.0%	0.64	1585	-305	31:02	11.2	17.3	2.4	8.7	41.7	16.7	2.08	43.4	0.83	41.7	1.00	-1.1	-1303	0.25	20.8	28.5	1831	2.7	1.02	0.95
HLE Challengers	S11	KR	10	60.0%	1.15	1792	45	32:19	13.0	11.3	6.5	4.7	30.0	60.0	2.40	48.5	0.50	30.0	0.70	-0.2	-80	1.10	48.3	33.2	1719	3.3	1.22	1.36
Hong Kong Attitude	S11	PCS	3	66.7%	1.80	1822	204	26:17	12.0	6.7	7.7	3.3	66.7	100.0	1.67	41.7	2.00	100.0	1.00	2.0	3655	0.67	66.7	30.6	1656	3.0	1.23	1.05
Illuminar Gaming	S11	PL	10	80.0%	1.61	1848	234	32:01	13.7	8.5	7.7	3.7	40.0	50.0	2.70	58.8	0.80	40.0	1.10	0.1	637	0.90	83.3	33.9	1837	3.0	1.14	1.24
Immortals	S11	NA	15	33.3%	0.85	1698	-160	32:15	11.2	13.1	3.9	7.5	26.7	26.7	1.47	30.1	1.07	53.3	0.33	-0.8	-1728	0.33	27.4	32.7	1687	3.5	1.29	1.42
Immortals Academy	S11	NA	9	55.6%	0.97	1754	-37	33:52	12.9	13.2	6.1	6.0	33.3	44.4	2.44	48.3	1.22	61.1	0.89	0.6	42	0.67	50.0	32.4	1886	3.1	1.27	1.47
Impunity	S11	PCS	4	50.0%	0.91	1713	-49	29:30	12.8	14.0	4.0	5.8	75.0	50.0	2.50	56.3	0.50	25.0	1.25	0.0	71	0.75	50.0	32.0	1658	2.7	1.01	1.22
Inaequalis	S11	CZ	11	9.1%	0.59	1560	-296	31:37	9.4	15.9	1.9	8.4	63.6	18.2	1.82	38.3	0.73	36.4	0.91	-0.4	-1704	0.18	13.6	29.0	1565	2.7	1.06	1.06
Infinity eSports	S11	LAT	8	87.5%	1.80	1852	233	35:30	14.6	8.1	8.8	3.3	62.5	75.0	3.25	63.9	1.25	62.5	0.88	0.6	592	1.25	73.8	34.1	1741	3.4	1.33	1.76
Inside Games	S11	CZ	11	81.8%	1.96	1912	277	30:49	21.0	10.7	7.8	3.6	63.6	54.5	2.82	57.6	1.27	68.2	1.00	-0.2	1243	1.00	85.0	31.3	2347	3.2	1.32	1.08
Inside Games Academy	S11	CZ	9	22.2%	0.59	1608	-311	30:11	10.8	18.2	3.1	8.1	55.6	22.2	1.44	29.4	0.67	38.9	0.67	-0.6	-1386	0.33	22.2	28.9	1551	3.3	1.27	1.13
INTZ Academy	S11	BR	10	20.0%	0.63	1637	-231	33:15	10.6	16.8	4.0	8.3	40.0	30.0	2.10	41.8	1.00	50.0	0.50	-0.5	-1235	0.40	20.0	30.8	1684	3.5	1.57	1.34
INTZ e-Sports	S11	BR	12	33.3%	0.91	1773	-36	32:32	13.0	14.3	5.3	7.4	83.3	50.0	1.83	40.5	0.92	45.8	0.83	-0.2	272	0.33	25.0	32.8	1753	3.5	1.59	1.43
Invictus Gaming	S11	CN	18	55.6%	1.18	1859	102	29:26	15.6	13.2	5.9	4.7	61.1	50.0	2.78	64.7	0.83	41.7	1.17	0.1	900	0.78	66.7	32.9	2122	3.3	1.39	1.56
Ion Squad	S11	BE	8	87.5%	1.78	1880	297	32:32	18.9	10.6	8.5	1.9	62.5	75.0	3.00	61.9	1.13	62.5	0.75	0.8	1130	1.25	81.3	30.8	2172	2.8	1.04	1.34
Iron Wolves	S11	LT	8	37.5%	0.97	1735	-21	30:47	12.6	13.0	5.0	7.1	50.0	37.5	2.38	51.5	0.75	37.5	1.13	-0.3	743	0.50	31.3	31.4	1728	2.9	1.06	1.10
Istanbul Wildcats	S11	TR	10	70.0%	1.55	1876	235	31:52	16.0	10.3	8.1	3.6	60.0	80.0	2.90	59.5	1.50	75.0	0.90	0.9	1961	0.90	70.0	33.0	1801	2.8	1.18	1.43
Isurus	S11	LAT	8	25.0%	0.61	1611	-245	38:19	10.9	17.9	4.0	9.4	62.5	37.5	2.00	36.2	0.63	31.3	0.75	-0.6	-155	0.75	27.1	30.1	1599	3.4	1.37	1.24
IZI Dream	S11	FR	11	36.4%	0.66	1722	-126	31:26	12.6	19.3	4.2	7.1	27.3	45.5	2.09	42.4	0.64	31.8	0.91	-0.4	-1034	0.36	37.0	31.2	1874	2.8	1.07	1.13
J Team	S11	PCS	4	50.0%	1.14	1896	215	33:07	14.3	12.5	6.3	5.3	50.0	50.0	3.00	71.0	1.00	50.0	1.25	1.0	2376	0.50	44.4	35.3	2056	2.8	1.13	1.67
JD Gaming	S11	CN	16	62.5%	1.05	1813	45	32:13	13.4	12.8	6.3	4.6	31.3	37.5	2.44	50.6	1.00	53.3	0.69	-0.3	-160	0.56	45.6	34.1	2035	3.4	1.17	1.58
K1CK	S11	PL	10	50.0%	1.17	1773	97	33:00	12.7	10.9	6.8	5.0	60.0	80.0	2.20	44.1	1.70	85.0	1.20	0.9	1621	0.70	48.3	31.1	1871	3.2	1.24	1.29
KaBuM! Academy	S11	BR	10	20.0%	0.81	1682	-95	33:13	11.3	14.0	4.2	7.9	80.0	40.0	2.20	43.1	1.20	60.0	1.10	-0.2	560	0.50	44.4	31.6	1719	3.3	1.66	1.45
KaBuM! e-Sports	S11	BR	12	58.3%	1.07	1767	18	36:02	15.6	14.5	6.3	6.1	66.7	58.3	2.67	45.2	1.00	50.0	0.83	0.3	858	0.92	56.8	31.8	1971	3.6	1.62	1.59
Kaos Latin Gamers	S11	LAT	8	0.0%	0.38	1574	-350	34:09	7.5	19.5	3.3	9.8	37.5	12.5	2.00	41.4	0.63	31.3	1.00	-0.8	-2277	0.38	20.8	30.5	1626	3.4	1.45	1.31
Karma Clan Esports	S11	PT	8	0.0%	0.39	1516	-445	30:09	7.4	18.9	1.9	9.0	12.5	25.0	1.25	22.5	1.00	56.3	0.75	-1.4	-3306	0.13	6.3	29.3	1536	2.9	1.18	1.25
Karmine Corp	S11	FR	11	63.6%	1.24	1819	71	33:23	17.2	13.8	7.0	5.0	63.6	36.4	3.09	66.9	1.18	59.1	1.45	-0.2	26	0.64	45.0	32.2	2205	3.4	1.24	1.43
Komil & Friends	S11	PL	10	20.0%	0.57	1567	-353	30:47	9.7	17.0	3.4	8.0	50.0	10.0	1.90	34.9	0.40	20.0	0.70	-1.3	-4119	0.80	37.0	27.4	1577	2.4	0.94	0.95
KOVA Esports	S11	EUW	10	40.0%	0.90	1711	-107	35:26	15.3	17.0	4.3	7.6	40.0	10.0	2.50	45.5	0.50	25.0	0.90	-1.1	-1349	1.00	44.2	30.8	1952	3.0	1.22	1.30
KRC Genk Esports	S11	BE	8	25.0%	0.55	1606	-270	32:11	10.9	19.6	3.1	8.0	12.5	37.5	2.00	39.2	0.75	37.5	0.88	-0.8	-2378	0.38	37.5	28.3	1704	2.5	1.10	1.03
KT Challengers	S11	KR	10	60.0%	1.40	1867	151	31:54	15.4	11.0	7.4	5.0	80.0	80.0	2.80	64.5	0.70	35.0	1.40	0.9	1783	0.90	70.0	33.7	1783	3.5	1.67	1.59
KT Rolster	S11	KR	25	52.0%	1.02	1811	-6	35:20	13.4	13.0	6.0	6.0	40.0	44.0	2.04	39.5	0.92	46.0	0.64	-0.2	-486	0.80	42.7	34.7	1854	4.2	1.51	1.86
KV Mechelen Esports	S11	BE	8	100.0%	2.01	1936	345	31:58	20.9	10.4	8.5	2.6	100.0	62.5	3.13	67.5	1.63	87.5	1.25	1.1	3284	0.88	69.4	32.0	2127	2.6	1.01	1.22
LDLC OL	S11	FR	11	18.2%	0.65	1685	-181	33:29	11.1	17.2	4.4	8.1	36.4	45.5	1.55	28.6	0.64	31.8	0.55	-0.5	-1587	0.64	28.8	31.5	2051	3.1	1.11	1.27
LGD Gaming	S11	CN	13	23.1%	0.56	1680	-231	30:49	8.2	14.6	4.1	8.2	30.8	23.1	1.77	37.3	0.54	30.8	0.85	-0.4	-1531	0.31	23.1	33.1	1657	3.2	1.24	1.47
Liiv SANDBOX	S11	KR	22	27.3%	0.82	1741	-103	32:44	11.4	14.0	4.5	7.3	36.4	50.0	2.27	50.5	1.18	65.9	0.91	0.0	-39	0.36	29.4	33.2	1753	3.9	1.61	1.88
Liyab Esports	S11	PCS	4	0.0%	0.40	1555	-453	27:57	7.0	17.5	0.8	9.8	50.0	25.0	0.75	16.3	0.25	12.5	0.25	-2.0	-5394	0.00	0.0	30.5	1362	3.0	1.10	1.29
LNG Esports	S11	CN	16	50.0%	1.15	1795	4	32:19	11.8	10.2	5.6	5.9	56.3	75.0	2.19	49.1	1.00	59.4	0.63	0.2	232	0.50	43.8	34.2	1784	3.8	1.21	1.55
LOUD	S11	BR	11	63.6%	0.99	1821	59	32:05	13.9	14.0	7.5	5.3	45.5	72.7	1.91	39.2	1.18	59.1	0.73	0.2	-567	0.91	60.6	32.1	1900	3.5	1.38	1.34
LOUD Academy	S11	BR	10	80.0%	1.49	1830	194	33:57	16.4	11.0	7.2	3.8	60.0	50.0	3.10	62.0	1.30	65.0	1.20	0.1	622	1.20	80.0	31.6	2207	3.4	1.32	1.38
LowLandLions	S11	NL	7	42.9%	1.04	1712	-26	33:33	11.3	10.9	5.4	6.4	28.6	42.9	2.86	61.2	1.14	64.3	1.43	0.0	-282	0.57	50.0	32.6	1761	3.4	1.25	1.39
LSB Challengers	S11	KR	10	20.0%	0.55	1698	-162	32:18	8.4	15.3	4.1	7.3	20.0	20.0	1.90	40.5	1.30	65.0	0.80	-0.5	-1411	0.30	33.3	34.6	1540	3.5	1.58	1.72
Machi E-Sports	S11	PCS	4	75.0%	1.67	1849	156	30:55	15.0	9.0	8.0	3.3	50.0	25.0	2.25	51.7	1.00	50.0	0.50	0.0	400	0.75	37.5	34.0	1765	3.5	1.16	1.69
Macko Esports	S11	IT	12	75.0%	1.86	1886	277	28:08	15.7	8.4	7.1	3.3	41.7	41.7	2.83	68.1	1.00	54.5	1.09	0.4	1637	0.67	66.7	32.5	2029	3.1	1.20	1.34
MAD Lions	S11	EUW	11	63.6%	1.08	1842	80	30:46	15.1	13.8	6.6	5.5	63.6	54.5	2.09	51.4	1.36	68.2	0.91	0.3	389	0.73	60.6	32.7	1994	3.4	1.37	1.36
MAD Lions Madrid	S11	ES	12	41.7%	1.18	1750	2	34:43	12.8	10.9	6.3	6.9	50.0	50.0	2.58	47.7	1.33	66.7	0.83	0.1	859	0.67	44.4	32.2	1620	3.6	1.49	1.41
mCon esports Rotterdam	S11	NL	8	62.5%	1.10	1842	177	32:57	15.0	13.6	8.6	4.3	87.5	62.5	2.25	46.5	1.25	62.5	0.75	1.0	1267	0.88	68.8	32.3	2149	2.9	1.03	1.54
Medieval Riga	S11	LT	8	12.5%	0.36	1573	-530	26:01	9.6	26.5	2.3	8.6	50.0	12.5	0.75	22.3	0.50	31.3	0.63	-2.1	-5980	0.38	40.0	26.0	1795	2.2	0.73	0.81
Method2Madness	S11	LT	8	37.5%	0.94	1812	5	29:30	16.8	17.9	5.3	5.6	50.0	75.0	1.38	34.9	1.13	56.3	0.75	0.9	1682	0.63	54.2	31.1	2006	2.5	0.93	0.93
Misfits Gaming	S11	EUW	11	27.3%	0.89	1769	-66	33:06	13.5	15.1	5.0	6.6	63.6	54.5	2.18	47.9	1.00	50.0	0.91	0.0	294	0.73	50.0	32.9	1893	3.2	1.19	1.32
Misfits Premier	S11	FR	11	72.7%	1.22	1857	166	32:08	16.8	13.8	7.6	3.8	72.7	63.6	2.82	60.6	1.18	59.1	1.09	0.5	946	0.82	59.1	31.9	2094	3.5	1.33	1.21
Mkers	S11	IT	12	75.0%	1.37	1882	203	32:44	17.1	12.5	8.2	3.8	58.3	66.7	2.75	59.4	0.92	45.8	1.17	0.2	1039	0.83	68.3	33.2	2071	3.0	1.26	1.54
MnM Gaming	S11	EUW	10	10.0%	0.57	1613	-312	31:23	10.5	18.4	2.6	9.3	60.0	20.0	1.40	28.0	0.70	35.0	0.70	-0.7	-1714	0.20	7.5	30.2	1750	3.4	1.11	1.16
Mousesports	S11	DE	13	84.6%	1.65	1939	324	28:05	17.5	10.4	8.8	2.7	61.5	84.6	2.85	72.8	1.77	88.5	1.31	1.4	2727	0.92	82.1	32.7	2261	2.6	1.03	1.02
Movistar Riders	S11	ES	12	58.3%	1.08	1757	14	34:27	13.6	12.6	6.1	5.3	58.3	41.7	2.42	46.0	1.08	58.3	0.67	-0.2	137	0.92	58.3	32.3	1894	3.5	1.25	1.41
NASR eSports Turkey	S11	TR	10	60.0%	1.16	1823	121	30:11	14.0	12.1	5.9	4.1	40.0	90.0	3.10	69.0	1.00	50.0	1.70	0.8	1089	0.60	53.3	32.6	1838	3.1	1.22	1.11
Nexus Gaming	S11	RS	8	37.5%	1.05	1640	-165	31:03	12.6	12.0	3.3	7.3	37.5	37.5	2.00	40.2	0.50	25.0	1.00	-1.3	-1326	0.50	38.1	29.5	1546	2.7	0.89	0.95
Nongshim RedForce	S11	KR	24	37.5%	0.76	1698	-143	31:59	10.8	14.0	4.4	6.9	37.5	29.2	2.04	42.2	0.83	41.7	0.96	-0.5	-1412	0.50	43.5	32.1	1851	3.6	1.37	1.69
Nordavind	S11	EUW	10	50.0%	0.89	1793	58	34:35	13.2	14.9	7.2	4.4	70.0	60.0	2.90	55.6	0.90	45.0	1.30	0.7	713	0.80	50.0	32.5	1882	3.0	1.07	1.42
NS Challengers	S11	KR	10	40.0%	0.87	1810	-36	31:39	13.7	15.8	4.8	6.2	50.0	60.0	2.40	53.2	1.10	55.0	1.00	0.2	131	0.70	60.0	34.0	1930	3.3	1.34	1.63
OFFSET Esports	S11	PT	8	62.5%	1.11	1795	96	32:16	15.1	13.5	6.0	4.9	50.0	50.0	2.50	52.7	0.50	25.0	0.88	0.0	391	0.75	52.1	32.5	2093	3.3	1.43	1.13
OMG	S11	CN	17	23.5%	0.68	1688	-214	30:33	10.4	15.2	3.6	7.1	52.9	23.5	2.18	45.3	0.88	44.1	1.29	-0.3	-1537	0.59	35.4	32.5	1667	3.2	1.19	1.37
One Breath Gaming	S11	CIS	4	75.0%	1.54	1809	198	33:44	13.5	8.8	8.5	3.8	75.0	75.0	2.50	47.5	1.50	75.0	1.25	1.0	409	1.75	100.0	30.6	1720	3.1	1.18	1.33
Outplayed	S11	IT	12	25.0%	0.69	1618	-189	31:34	10.3	14.9	4.3	7.2	58.3	50.0	1.42	27.0	0.75	37.5	0.50	-0.3	-1144	0.42	28.3	29.7	1701	3.4	1.27	1.21
paiN Academy	S11	BR	10	60.0%	1.07	1716	-13	33:36	13.5	12.6	6.3	5.7	40.0	40.0	2.30	45.0	1.00	50.0	1.10	-0.3	-772	0.80	55.0	30.9	1830	3.3	1.55	1.38
paiN Gaming	S11	BR	12	50.0%	1.19	1847	92	31:07	15.9	13.3	7.3	5.8	33.3	58.3	3.17	69.0	1.08	54.2	1.42	0.6	975	0.83	50.0	32.3	1999	3.3	1.46	1.46
PENTA 1860	S11	DE	13	30.8%	0.66	1699	-217	30:58	11.6	17.6	4.1	7.8	23.1	15.4	2.23	45.8	0.46	23.1	0.85	-0.9	-1337	0.23	20.8	31.4	1743	3.0	1.25	1.18
PIGSPORTS	S11	LT	8	87.5%	1.96	1942	281	29:41	23.0	11.8	7.8	2.6	75.0	50.0	3.00	66.3	1.00	62.5	0.88	0.3	1449	0.75	64.3	31.1	2472	2.5	0.84	1.04
PSG Talon	S11	PCS	4	75.0%	2.59	1895	288	29:38	14.3	5.5	8.5	3.0	50.0	50.0	2.50	66.3	1.00	50.0	1.00	0.0	1733	0.75	75.0	34.3	1776	3.5	1.23	1.67
PSV Esports	S11	NL	8	62.5%	1.08	1749	63	33:15	13.0	12.0	6.1	5.0	37.5	75.0	3.50	72.0	1.50	75.0	1.25	1.0	2033	0.75	56.3	31.9	1952	3.1	1.27	1.36
Rainbow7	S11	LAT	8	50.0%	1.13	1812	115	35:24	15.9	13.9	6.3	5.6	62.5	62.5	2.50	47.2	1.13	56.3	1.13	0.9	1755	0.50	41.7	32.7	2197	3.4	1.36	1.55
Rare Atom	S11	CN	14	57.1%	0.95	1820	72	33:20	12.4	13.0	6.1	4.9	35.7	50.0	2.64	53.2	0.93	46.4	0.93	0.1	420	0.86	69.2	35.1	2082	3.6	1.17	1.93
Rascal Jester	S11	JP	8	62.5%	1.08	1777	73	34:58	15.9	14.8	7.3	5.1	25.0	62.5	3.13	59.5	1.13	56.3	1.25	0.1	664	0.88	75.0	30.5	2053	3.8	1.17	1.83
RED Academy	S11	BR	10	60.0%	1.02	1724	-7	34:32	12.1	11.8	6.3	5.5	30.0	50.0	2.80	51.6	1.10	55.0	1.20	0.0	-333	0.40	30.0	32.1	1765	3.2	1.44	1.41
RED Canids	S11	BR	12	83.3%	1.48	1874	168	32:52	17.8	12.0	8.5	4.6	50.0	58.3	2.83	58.1	1.33	66.7	1.08	0.2	988	1.08	72.9	32.7	1987	3.3	1.45	1.32
Rensga Academy	S11	BR	10	60.0%	1.03	1780	54	32:55	15.8	15.3	6.6	4.4	50.0	60.0	2.50	51.5	1.10	60.0	1.00	0.5	656	0.70	55.0	31.3	2212	3.0	1.42	1.40
Rensga eSports	S11	BR	11	18.2%	0.64	1650	-215	32:14	9.8	15.4	3.9	8.5	36.4	27.3	2.36	51.5	0.55	27.3	1.18	-0.9	-2510	0.27	22.7	31.3	1785	3.3	1.39	1.46
Riddle Esports	S11	EUW	10	30.0%	0.74	1708	-122	33:19	11.7	15.8	3.7	7.8	40.0	30.0	2.00	42.0	0.50	25.0	0.80	-0.3	-526	0.50	30.0	32.1	2017	2.7	0.96	1.33
Rogue	S11	EUW	11	81.8%	1.87	1890	254	34:31	15.3	8.2	8.2	3.5	72.7	90.9	2.91	61.3	0.91	59.1	1.36	0.8	1788	0.73	56.8	34.6	1846	3.3	1.01	1.48
Rogue Warriors	S11	CN	17	11.8%	0.48	1609	-391	29:24	9.1	19.1	2.4	8.6	29.4	35.3	1.18	27.3	0.88	46.9	0.35	-0.2	-2318	0.29	17.6	30.4	1555	3.2	1.26	1.41
Romulea eSport	S11	IT	12	41.7%	0.86	1673	-127	32:37	14.3	16.8	4.8	6.6	41.7	25.0	2.33	44.2	0.42	29.2	0.92	-0.6	-1183	0.67	47.2	29.5	1916	3.3	1.31	1.27
RoX	S11	CIS	4	50.0%	1.00	1653	-156	29:46	10.8	10.8	5.3	6.5	50.0	-	1.75	37.5	0.50	25.0	1.00	-1.0	-924	0.50	37.5	30.4	1328	3.0	1.29	1.19
Royal Never Give Up	S11	CN	18	72.2%	1.35	1872	133	32:35	15.7	11.6	7.4	4.1	61.1	55.6	2.67	55.4	0.89	47.1	0.89	0.0	538	1.00	63.0	33.5	1935	3.8	1.26	1.70
S2V Esports	S11	ES	12	41.7%	0.92	1775	15	31:43	12.7	13.8	5.4	5.3	66.7	50.0	1.92	45.3	1.25	62.5	0.92	0.2	23	0.83	51.4	32.4	1913	2.9	1.23	1.41
Saigon Buffalo	S11	VN	11	45.5%	0.94	1809	4	29:18	14.1	15.0	5.7	4.5	27.3	72.7	2.27	58.9	1.27	63.6	1.27	0.6	1177	0.55	54.5	33.0	1998	3.5	1.41	1.49
SAIM SE SuppUp	S11	RS	8	87.5%	2.03	1961	371	28:04	17.8	8.6	8.3	2.3	37.5	87.5	3.00	72.1	1.38	68.8	1.50	1.1	2636	1.00	81.3	33.0	2092	3.0	1.05	1.16
Samsung Morning Stars	S11	IT	12	41.7%	0.80	1715	-77	29:16	11.8	14.8	4.6	6.9	33.3	33.3	2.50	59.2	1.00	54.2	1.42	0.0	-42	0.50	45.8	31.1	1723	3.3	1.37	1.15
SBTC Esports	S11	VN	9	66.7%	1.03	1819	12	30:33	14.7	14.1	6.4	5.4	55.6	44.4	2.22	50.0	0.56	27.8	1.00	-0.2	236	0.89	66.7	32.5	1980	3.2	1.09	1.37
Sector One	S11	BE	7	57.1%	1.06	1852	118	31:30	16.4	15.6	7.3	5.3	57.1	85.7	2.29	51.7	0.71	35.7	0.86	1.0	1906	0.86	64.3	32.7	2150	2.9	1.13	0.93
Sengoku Gaming	S11	JP	8	50.0%	1.13	1785	89	32:08	11.9	10.5	5.9	5.1	75.0	62.5	3.25	71.9	0.88	43.8	1.63	0.0	658	1.13	56.3	33.1	1771	3.8	1.46	1.75
SINNERS Esports	S11	CZ	11	72.7%	1.36	1890	182	31:28	19.7	14.5	7.0	3.9	27.3	63.6	2.36	51.8	1.45	72.7	0.82	0.4	1459	0.82	70.0	31.9	2383	2.9	1.20	1.34
SK Gaming	S11	EUW	11	54.5%	1.07	1751	-12	31:50	12.2	11.2	5.5	5.8	54.5	45.5	1.82	41.1	1.18	59.1	0.64	-0.4	-351	0.64	50.0	32.9	1648	2.8	1.04	1.16
SK Gaming Prime	S11	DE	13	53.8%	0.92	1831	26	31:03	15.1	16.3	6.5	5.6	53.8	46.2	2.46	56.2	0.69	34.6	1.08	-0.1	20	0.85	57.7	31.9	1790	3.2	1.33	1.17
SoftBank Hawks Gaming	S11	JP	8	25.0%	0.62	1647	-203	32:16	9.1	14.6	3.5	7.4	25.0	25.0	2.00	40.7	0.63	35.7	0.71	0.1	-113	0.25	16.7	32.4	1459	3.5	1.29	1.30
Solary	S11	FR	11	45.5%	0.93	1700	-117	32:46	14.8	15.9	4.5	7.3	36.4	27.3	2.00	39.4	1.00	50.0	0.82	-0.6	-988	0.73	45.5	30.2	2132	3.2	1.33	1.27
Split Raiders	S11	RS	8	50.0%	0.94	1778	49	30:20	12.9	13.8	5.5	5.0	75.0	50.0	3.38	71.6	1.13	56.3	1.63	0.0	1439	0.13	20.0	32.8	1852	2.9	1.13	1.24
STOPWATCH eSports	S11	CZ	9	11.1%	0.58	1587	-306	33:32	10.0	17.3	2.2	9.1	11.1	22.2	2.33	41.5	0.11	5.6	1.00	-1.2	-2478	0.67	25.0	29.6	1584	2.8	1.03	1.09
Suning	S11	CN	17	41.2%	1.11	1780	7	33:45	12.9	11.6	4.4	6.1	41.2	35.3	2.12	42.3	0.88	50.0	0.59	-0.1	-80	0.59	47.1	33.8	2090	3.7	1.37	1.74
SuperMassive	S11	TR	10	90.0%	1.73	1835	190	32:39	17.0	9.7	7.8	3.9	50.0	40.0	3.30	69.5	0.80	40.0	1.20	0.4	570	1.30	80.0	31.8	1909	2.6	1.17	1.34
T1	S11	KR	26	53.8%	1.10	1824	76	32:35	12.7	11.5	6.6	5.5	65.4	73.1	2.65	59.4	1.00	50.0	1.27	0.7	1295	0.62	51.3	34.0	1809	3.7	1.49	1.73
T1 Challengers	S11	KR	10	90.0%	1.84	1928	296	32:19	19.9	10.7	8.0	2.1	60.0	70.0	3.30	74.7	1.80	90.0	1.30	0.5	1447	1.20	90.0	33.6	2069	3.2	1.26	1.81
Team 7AM	S11	BE	8	0.0%	0.48	1554	-401	30:35	9.1	19.0	2.4	8.9	-	37.5	1.13	21.5	0.75	37.5	0.75	-0.8	-2841	0.25	11.9	28.4	1766	2.6	1.08	0.96
Team Aurora	S11	TR	10	0.0%	0.32	1564	-420	29:00	5.9	18.4	2.2	9.3	20.0	10.0	1.20	27.5	0.30	15.0	0.60	-1.5	-3120	0.20	15.0	30.5	1415	3.3	1.19	1.21
Team BDS	S11	FR	11	72.7%	1.48	1890	215	31:03	16.8	11.3	8.7	3.1	81.8	54.5	2.82	63.4	1.18	59.1	1.09	0.4	1775	0.82	74.1	33.4	2250	3.4	1.47	1.39
Team Echo Zulu	S11	NL	8	50.0%	1.14	1697	-37	33:27	11.9	10.4	4.5	6.6	75.0	25.0	2.13	39.6	0.88	43.8	0.63	-1.0	-611	0.50	50.0	31.9	1915	3.3	1.10	1.34
Team ESCA Gaming	S11	PL	10	20.0%	0.52	1580	-236	31:09	8.2	15.9	3.9	7.6	40.0	40.0	2.20	48.2	1.10	55.0	1.20	-0.4	-2237	0.20	22.2	28.6	1461	3.0	1.04	1.06
Team Flash	S11	VN	13	30.8%	0.77	1743	-143	30:09	13.2	17.1	4.5	6.8	38.5	46.2	1.62	40.9	1.38	69.2	0.46	0.0	-1179	0.54	43.1	31.6	1877	3.5	1.36	1.63
Team Infamous	S11	LT	8	25.0%	0.60	1648	-273	32:41	14.1	23.4	3.6	7.9	12.5	50.0	2.13	40.1	0.88	43.8	0.63	-0.3	-3021	0.50	20.8	29.0	2213	3.0	1.00	1.04
Team Liquid	S11	NA	23	69.6%	1.49	1904	221	28:33	14.9	9.8	7.4	3.7	60.9	73.9	2.22	56.2	1.22	60.9	1.13	0.7	1766	0.83	71.7	33.6	1953	2.9	1.15	1.38
Team Liquid Academy	S11	NA	9	77.8%	1.24	1880	185	31:23	14.4	11.7	7.2	3.3	77.8	77.8	2.56	60.9	1.33	72.2	1.11	0.3	1018	0.78	66.7	34.0	2088	2.7	1.12	1.27
Team MCES	S11	FR	11	9.1%	0.40	1572	-383	30:57	6.7	16.7	1.5	9.4	36.4	36.4	1.45	27.9	0.09	4.5	0.73	-1.2	-2619	0.09	3.0	31.1	1657	3.3	1.15	1.18
Team Phantasma	S11	GR	12	41.7%	0.94	1778	-3	32:38	16.9	17.9	6.4	6.6	58.3	66.7	2.50	53.4	0.92	54.2	0.92	0.7	557	0.58	41.7	30.4	2056	2.8	1.02	1.19
Team Queso	S11	ES	12	41.7%	0.84	1787	-13	34:05	12.3	14.8	6.8	6.8	41.7	50.0	2.92	60.8	1.08	54.2	1.33	0.3	270	0.67	41.7	32.5	1904	3.3	1.41	1.40
Team Refuse	S11	GR	12	50.0%	0.96	1782	6	32:02	16.9	17.6	6.5	6.2	41.7	75.0	2.17	45.3	1.08	58.3	0.75	0.7	548	1.08	51.4	29.5	1961	3.0	1.25	1.31
Team Secret	S11	VN	11	36.4%	0.91	1818	-15	31:27	13.9	15.4	5.4	6.5	27.3	36.4	1.73	38.9	1.09	59.1	0.64	0.4	-1090	0.55	55.0	33.8	1822	3.0	1.18	1.44
Team Singularity	S11	EUW	10	70.0%	1.51	1769	98	30:35	13.0	8.6	7.0	4.5	60.0	80.0	2.60	58.7	1.30	65.0	1.00	0.3	-96	1.10	70.0	31.1	1867	3.5	1.32	1.14
Team THRLL	S11	NL	7	0.0%	0.49	1597	-344	30:19	8.4	17.1	2.6	9.3	42.9	14.3	1.00	18.3	0.14	7.1	0.57	-1.4	-1868	0.00	0.0	29.7	1558	2.5	1.00	1.14
Team Universe	S11	CZ	9	66.7%	1.25	1835	106	35:56	20.1	16.1	7.6	4.3	33.3	44.4	2.89	48.3	1.22	61.1	0.44	-0.3	505	1.44	71.3	31.2	2102	2.7	1.02	1.34
Team Vitality	S11	EUW	11	18.2%	0.75	1689	-143	36:27	9.5	12.7	4.5	8.5	54.5	36.4	2.27	40.3	0.73	40.9	0.82	-0.5	-594	0.91	45.5	32.1	1724	3.5	1.39	1.44
Team WE	S11	CN	20	60.0%	1.23	1857	123	30:37	14.3	11.6	6.6	4.8	45.0	50.0	2.55	56.2	1.05	52.5	1.20	0.0	441	0.75	57.9	33.8	1867	3.4	1.37	1.71
Top Esports	S11	CN	13	53.8%	1.26	1878	128	30:50	15.6	12.4	6.6	4.7	69.2	61.5	2.69	64.0	1.23	66.7	1.00	0.1	1924	0.77	61.5	34.3	2155	3.2	1.29	1.68
Tricked Esports	S11	EUW	10	50.0%	1.18	1796	60	34:34	14.3	12.1	6.2	6.1	20.0	40.0	2.50	48.2	1.20	65.0	0.50	0.1	748	0.80	60.0	33.6	1919	3.5	1.39	1.52
TSM	S11	NA	16	56.3%	0.87	1760	-27	32:40	10.9	12.6	6.9	5.9	37.5	50.0	2.50	53.5	1.13	56.3	0.94	-0.1	-937	1.00	59.4	32.3	1795	3.6	1.30	1.32
TSM Academy	S11	NA	9	33.3%	0.75	1763	-11	34:13	10.2	13.7	6.7	6.3	44.4	88.9	2.00	39.8	1.22	61.1	1.00	0.8	1583	0.56	44.4	33.2	1717	3.5	1.33	1.41
TT	S11	CN	16	31.3%	0.67	1741	-142	32:54	10.6	15.9	4.8	7.4	37.5	56.3	2.19	45.6	1.06	56.7	1.13	0.2	-713	0.81	40.6	33.2	1673	3.3	1.39	1.55
UCAM Esports Club	S11	ES	12	58.3%	1.30	1791	89	32:26	14.0	10.7	6.5	5.2	58.3	75.0	2.67	57.8	0.83	41.7	1.00	0.6	1366	0.67	59.1	32.6	1895	3.3	1.37	1.45
Unicorns Of Love	S11	CIS	4	100.0%	1.87	1879	286	31:55	17.8	9.5	8.8	2.5	75.0	75.0	3.25	75.0	1.25	62.5	1.50	0.8	536	1.00	62.5	32.0	1997	2.9	1.10	1.37
Unicorns Of Love Sexy Edition	S11	DE	13	61.5%	1.38	1819	116	30:40	14.1	10.2	6.6	4.8	69.2	76.9	2.31	50.6	0.77	38.5	0.62	0.3	1106	0.92	76.9	33.0	1887	3.4	1.41	1.20
V3 Esports	S11	JP	8	75.0%	1.73	1812	176	34:58	16.6	9.6	7.9	3.9	100.0	87.5	2.25	46.3	1.50	75.0	0.38	0.4	366	1.00	68.8	31.2	1960	3.6	1.61	1.98
Vega Squadron	S11	CIS	4	0.0%	0.63	1590	-254	34:06	9.8	15.5	2.5	9.5	50.0	25.0	2.50	49.2	0.75	37.5	1.00	-0.3	-1498	0.75	37.5	30.3	1472	3.0	1.02	1.35
Victory Five	S11	CN	21	47.6%	0.98	1793	-34	29:27	13.0	13.4	5.8	6.1	47.6	71.4	1.62	39.8	1.33	66.7	0.48	0.5	402	0.62	47.4	32.7	1918	3.0	1.12	1.32
Vikingekrig Academy	S11	CZ	9	44.4%	0.98	1813	111	35:10	15.6	15.9	6.7	5.1	66.7	100.0	3.00	59.5	1.78	88.9	1.56	0.7	909	0.89	53.7	31.1	1915	3.0	1.17	1.22
Vikingekrig Esports	S11	CZ	11	63.6%	1.03	1777	69	34:44	15.3	14.8	6.8	5.2	54.5	63.6	3.00	58.6	0.64	31.8	1.45	0.1	1176	0.64	45.5	31.5	2104	3.1	1.18	1.42
Vitality.Bee	S11	FR	11	63.6%	1.55	1797	117	33:23	15.2	9.8	6.9	4.4	54.5	81.8	2.45	50.0	1.36	68.2	0.45	0.8	1813	0.73	75.0	32.4	1818	3.5	1.33	1.52
Vodafone Giants.Spain	S11	ES	12	50.0%	0.87	1744	-23	34:54	11.2	12.8	6.5	6.8	41.7	50.0	2.25	40.8	1.08	54.2	0.83	0.3	149	0.83	45.8	32.3	1697	3.4	1.34	1.49
Vorax	S11	BR	10	60.0%	1.37	1804	91	30:59	15.3	11.2	6.6	5.4	60.0	50.0	2.50	57.3	1.20	60.0	1.10	0.1	168	0.60	60.0	31.4	1864	3.4	1.44	1.47
Vorax Academy	S11	BR	10	40.0%	0.90	1689	-60	31:59	11.2	12.4	4.9	6.0	80.0	50.0	2.40	48.0	1.00	55.0	1.20	0.1	245	0.70	40.0	31.0	1857	3.5	1.65	1.39
White Dragons	S11	PT	8	100.0%	1.77	1866	267	34:27	17.0	9.6	9.3	3.1	62.5	87.5	3.50	68.3	1.38	75.0	1.00	0.6	1927	1.13	75.0	32.2	2059	3.2	1.21	1.54
WLGaming Esports	S11	GR	12	75.0%	1.51	1911	283	32:05	18.2	12.0	8.9	3.3	58.3	83.3	2.75	60.6	1.33	66.7	1.33	1.0	1830	1.17	91.7	32.6	2074	3.2	1.20	1.48
x25 Esports	S11	RS	8	50.0%	1.05	1730	-1	30:14	12.3	11.5	6.0	4.9	62.5	50.0	2.88	64.4	1.13	56.3	1.25	0.4	-333	0.88	56.3	30.5	1938	3.0	1.41	1.42
XTEN Esports	S11	LAT	8	50.0%	0.93	1740	-65	30:40	13.6	14.6	5.5	5.8	25.0	50.0	1.63	36.0	1.25	62.5	0.88	0.3	-132	0.75	52.4	31.6	1733	3.2	1.31	1.43
Z10 ESHARK	S11	RS	8	75.0%	1.69	1868	221	33:02	17.5	10.4	7.8	4.4	87.5	75.0	2.63	52.8	1.38	68.8	0.50	0.8	1837	1.00	70.8	31.9	1867	3.2	1.18	1.23
Zerolag Esports	S11	GR	12	58.3%	1.24	1820	80	31:55	17.8	14.4	7.3	5.8	58.3	50.0	2.67	56.5	1.08	54.2	1.25	0.0	944	0.67	52.8	30.4	2103	3.0	1.20	1.24

